                 0.1 0.000991944229015782     5016882.59090671
                   1  0.00991944229015782     5016882.59090671
                  10   0.0991944229015783     5016882.59090671
                 100    0.991944229015821     5016882.59090671
                1000      9.9194422901966     5016882.59090671
               10000      99.194422940357     5016882.59090671
              100000      991.94426779454      5016882.5909067
             1000000     9919.48106891538     5016882.59083003
            10000000     99233.2016532018     5016881.82386857
            20000000     198699.075103783     5016870.30390876
            30000000     298630.282151528     5016820.26658484
            40000000     399259.434380567     5016685.07816654
            50000000     500818.991659855     5016398.69632917
            60000000     603541.066621537     5015874.91579958
            70000000     707657.099862546     5015006.40036911
            80000000     813397.367280086     5013663.50418727
            90000000     920990.276825663     5011692.88764249
           100000000     1030661.40710203     5008915.93669455
           110000000     1142632.23473195     5005126.99956789
           120000000     1257118.49145903     5000091.46161185
           130000000     1374328.08574842     4993543.68829776
           140000000     1494458.51760968      4985184.8782137
           150000000     1617693.70999432     4974680.88302316
           160000000     1744200.17616033     4961660.07016605
           170000000      1874122.4408343     4945711.32704808
           180000000     2007577.63513282     4926382.33292682
           190000000     2144649.19267722     4903178.25678538
           200000000     2285379.58918128     4875561.07596447
           210000000     2429762.09242669     4842949.75044261
           220000000     2577731.52670939     4804721.52988932
           230000000     2729154.10847639     4760214.71241103
           240000000     2883816.48083987     4708733.21137618
           250000000      3041414.1663219     4649553.31434839
           260000000     3201539.77080503     4581933.02866263
           270000000     3363671.40654033     4505124.39239714
           280000000     3527161.95449443     4418389.07669873
           290000000     3691229.94842401     4321017.50405554
           300000000     3854953.02165773     4212351.54614987
           310000000     4017264.99331994     4091810.63597043
           320000000     4176957.75810612     3958920.82902844
           330000000     4332689.15209834     3813345.98385697
           340000000     4482997.86367461     3654919.82099832
           350000000     4626326.21325754     3483677.19615137
           360000000     4761051.21812558     3299882.53688967
           370000000     4885523.78643308     3104053.10688534
           380000000     4998115.17163319      2896974.6473877
           390000000     5097269.01984284     2679707.06898929
           400000000      5181556.5451801     2453578.27440646
           410000000     5249731.68289609     2220164.89696395
           420000000     5300782.61692628     1981259.70381521
           430000000     5333975.96306163     1738826.54925346
           440000000     5348890.17823783     1494944.93767386
           450000000     5345435.46783011     1251747.30744107
           460000000     5323858.51417152     1011352.91854556
           470000000     5284731.62454469     775802.596088947
           480000000     5228927.22645114     546998.487957333
           490000000     5157579.84218308     326652.453943605
           500000000     5072038.59817452     116245.802734145
           510000000     4973813.86493913    -82998.0272499146
           520000000     4864521.74649148    -270127.424605227
           530000000     4745829.87709472    -444463.862239185
           540000000     4619407.42330773     -605591.98621659
           550000000     4486881.44493065    -753340.654270749
           560000000     4349800.95825147    -887757.332512557
           570000000     4209609.27185444    -1009078.28028872
           580000000     4067624.50378298    -1117696.76210569
           590000000     3925027.68127309    -1214131.19158506
           600000000     3782857.48301841    -1298994.70436634
           610000000      3642010.4984432    -1372967.23331987
           620000000     3503245.82357931    -1436770.76386022
           630000000     3367192.85697442    -1491148.10699379
           640000000     3234361.26918902    -1536845.25613488
           650000000     3105152.26703966    -1574597.19273389
           660000000     2979870.43570078     -1605116.8699025
           670000000     2858735.60127438    -1629087.02274761
           680000000     2741894.30252777    -1647154.41758881
           690000000     2629430.58711929    -1659926.14828791
           700000000     2521375.95241067    -1667967.60640856
           710000000     2417718.33409681    -1671801.78442227
           720000000     2318410.10915459    -1671909.61111338
           730000000     2223375.12564825    -1668731.06089007
           740000000     2132514.80365716    -1662666.82056081
           750000000     2045713.37189136    -1654080.33617944
           760000000     1962842.31604875    -1643300.09761237
           770000000     1883764.11990567    -1630622.04901975
           780000000     1808335.38038828    -1616312.03940694
           790000000      1736409.3749388    -1600608.24901894
           800000000     1667838.15452452    -1583723.54501329
           810000000     1602474.22950601    -1565847.73402839
           820000000     1540171.90891594    -1547149.69045749
           830000000     1480788.34694509    -1527779.34792074
           840000000     1424184.34388408     -1507869.5480351
           850000000     1370224.94261716    -1487537.74550361
           860000000     1318779.85611479    -1466887.57211639
           870000000     1269723.75627408    -1446010.26475923
           880000000     1222936.44992092    -1424985.96419809
           890000000      1178302.9637981    -1403884.89244159
           900000000     1135713.55688778    -1382768.41703522
           910000000     1095063.67541101    -1361690.01083494
           920000000      1056253.8632675      -1340696.115743
           930000000     1019189.63847661    -1319826.91864051
           940000000     983781.344311444    -1299117.04738131
           950000000     949943.982238836    -1278596.19426202
           960000000     917597.032449363    -1258289.67389093
           970000000      886664.26664911    -1238218.92186568
           980000000     857073.556856267    -1218401.94015723
           990000000     828756.683174042     -1198853.6945959
          1000000000     801649.142872496    -1179586.46937512
          1010000000      775689.96258505    -1160610.18303353
          1020000000     750821.514992784    -1141932.66995115
          1030000000     726989.341015975    -1123559.93100097
          1040000000     704141.978244632    -1105496.35663414
          1050000000      682230.79610704    -1087744.92534482
          1060000000     661209.838088288    -1070307.38015778
          1070000000     641035.671161496    -1053184.38550676
          1080000000     621667.242476468    -1036375.66662359
          1090000000     603065.743258229    -1019880.13333302
          1100000000     585194.479796701    -1003695.98994705
          1110000000     568018.751354876    -987820.832770771
          1120000000      551505.73478295    -972251.736569471
          1130000000     535624.375597406    -956985.331200876
          1140000000     520345.285264694    -942017.869486406
          1150000000     505640.644417229    -927345.287278784
          1160000000     491484.111723286     -912963.25657946
          1170000000     477850.738130888    -898867.232466579
          1180000000     464716.886207872    -885052.494511486
          1190000000     452060.154305143    -871514.183288025
          1200000000      439859.30527711    -858247.332513166
          1210000000     428094.199501711     -845246.89729892
          1220000000     416745.731952021    -832507.778943322
          1230000000     405795.773081719    -820024.846641808
          1240000000       395227.1132974    -807792.956458858
          1250000000     385023.410801659    -795806.967862955
          1260000000     375169.142601885    -784061.758094992
          1270000000     365649.558490534    -772552.234611041
          1280000000     356450.637813356    -761273.345814283
          1290000000     347559.048852423    -750220.090267666
          1300000000     338962.110660836    -739387.524558159
          1310000000     330647.757195656    -728770.769964985
          1320000000     322604.503604833    -718365.018067763
          1330000000     314821.414532714    -708165.535415825
          1340000000     307288.074317111    -698167.667366853
          1350000000     299994.558958801    -688366.841191322
          1360000000      292931.40975189    -678758.568528816
          1370000000     286089.608470516    -669338.447272966
          1380000000     279460.554014057    -660102.162953467
          1390000000     273036.040419293    -651045.489676228
          1400000000     266808.236153854    -642164.290676066
          1410000000     260769.664610832    -633454.518530476
          1420000000     254913.185729625    -624912.215077688
          1430000000     249231.978672924    -616533.511077541
          1440000000      243719.52549433    -608314.625649463
          1450000000     238369.595735322    -600251.865518086
          1460000000     233176.231894284    -592341.624093663
          1470000000     228133.735714026    -584580.380411425
          1480000000     223236.655237693    -576964.697951347
          1490000000     218479.772586205    -569491.223357369
          1500000000     213858.092413428     -562156.68507297
          1510000000     209366.830998048    -554957.891908076
          1520000000     205001.405933832    -547891.731550556
          1530000000      200757.42638235    -540955.169034026
          1540000000     196630.683854606    -534145.245172307
          1550000000     192617.143490114    -527459.074969648
          1560000000     188712.935803982    -520893.846014748
          1570000000     184914.348874456    -514446.816865593
          1580000000     181217.820945075    -508115.315431295
          1590000000      177619.93341727    -501896.737356293
          1600000000      174117.40421072    -495788.544411621
          1610000000     170707.081470217    -489788.262897274
          1620000000     167385.937599116    -483893.482059207
          1630000000      164151.06360069    -478101.852523956
          1640000000     160999.663709846    -472411.084753459
          1650000000      157929.05029877    -466818.947522252
          1660000000     154936.639041043    -461323.266418867
          1670000000     152019.944319755    -455921.922372952
          1680000000     149176.574865991    -450612.850209353
          1690000000     146404.229614897    -445394.037230164
          1700000000      143700.69376733     -440263.52182552
          1710000000     141063.835045778     -435219.39211373
          1720000000     138491.600133942    -430259.784611183
          1730000000     135982.011289997    -425382.882932284
          1740000000     133533.163124126    -420586.916519595
          1750000000     131143.219531501    -415870.159404184
          1760000000     128810.410772378    -411230.928996141
          1770000000      126533.03069148    -406667.584905093
          1780000000     124309.434069285    -402178.527790492
          1790000000     122138.034098267    -397762.198241395
          1800000000     120017.299977543    -393417.075685362
          1810000000     117945.754619745    -389141.677326113
          1820000000     115921.972464294    -384934.557109463
          1830000000     113944.577391597    -380794.304717111
          1840000000     112012.240732959    -376719.544587751
          1850000000      110123.67937135       -372708.934965
          1860000000     108277.653928387    -368761.166971599
          1870000000     106472.967033182    -364874.963709345
          1880000000     104708.461668942    -361049.079384174
          1890000000     102983.019593418    -357282.298455833
          1900000000     101295.559829542    -353573.434811574
          1910000000     99645.0372227616    -349921.330963269
          1920000000     98030.4410617958    -346324.857267397
          1930000000     96450.7937596992      -342782.9111673
          1940000000     94905.1495922925    -339294.416457159
          1950000000     93392.5934911768    -335858.322567099
          1960000000     91912.2398886966    -332473.603868883
          1970000000      90463.231612355    -329139.259001625
          1980000000     89044.7388263188    -325854.310216977
          1990000000     87655.9580177737    -322617.802743262
          2000000000     86296.1110260069     -319428.80416801
          2010000000     84964.4441122071    -316286.403838389
          2020000000     83660.2270680726    -313189.712279014
          2030000000     82382.7523614202    -310137.860626639
          2040000000     81131.3343170777     -307130.00008125
          2050000000     79905.3083314325    -304165.301373072
          2060000000     78704.0301190896     -301242.95424503
          2070000000     77526.8749901723     -298362.16695021
          2080000000     76373.2371568721    -295522.165763884
          2090000000     75242.5290679238    -292722.194509644
          2100000000     74134.1807697484    -289961.514099259
          2110000000     73047.6392930686    -287239.402085818
          2120000000     71982.3680638601    -284555.152229769
          2130000000     70937.8463375605    -281908.074077472
          2140000000     69913.5686555061    -279297.492551887
          2150000000     68909.0443226203    -276722.747555026
          2160000000     67923.7969054245    -274183.193581818
          2170000000     66957.3637494852    -271678.199345038
          2180000000     66009.2955154564     -269207.14741098
          2190000000     65079.1557329133    -266769.433845516
          2200000000     64166.5203712155    -264364.467870264
          2210000000       63270.97742667    -261991.671528529
          2220000000     62392.1265253026    -259650.479360738
          2230000000     61529.5785405751    -257340.338089066
          2240000000     60682.9552254198    -255060.706310988
          2250000000     59851.8888579898    -252811.054201475
          2260000000     59036.0219005533    -250590.863223581
          2270000000     58235.0066709843    -248399.625847155
          2280000000     57448.5050263301    -246236.845275442
          2290000000     56676.1880579571    -244102.035179324
          2300000000     55917.7357977999    -241994.719438986
          2310000000     55172.8369352618    -239914.431892757
          2320000000     54441.1885443331    -237860.716092937
          2330000000     53722.4958205133    -235833.125068373
          2340000000     53016.4718271436    -233831.221093604
          2350000000     52322.8372507718    -231854.575464357
          2360000000     51641.3201651888    -229902.768279219
          2370000000     50971.6558037922    -227975.388227285
          2380000000     50313.5863399489     -226072.03238162
          2390000000     49666.8606750386    -224192.305998338
          2400000000     49031.2342338808    -222335.822321156
          2410000000     48406.4687672527    -220502.202391237
          2420000000     47792.3321612269     -218691.07486218
          2430000000     47188.5982530605    -216902.075819994
          2440000000     46595.0466533866    -215134.848607913
          2450000000     46011.4625744632    -213389.043655912
          2460000000     45437.6366642513    -211664.318314773
          2470000000     44873.3648460973    -209960.336694581
          2480000000     44318.4481638087    -208276.769507505
          2490000000     43772.6926319203     -206613.29391476
          2500000000     43235.9090909543    -204969.593377595
          2510000000     42707.9130674881    -203345.357512223
          2520000000     42188.5246388511    -201740.281948555
          2530000000     41677.5683022778    -200154.068192637
          2540000000     41174.8728483537    -198586.423492677
          2550000000     40680.2712385943    -197037.060708569
          2560000000      40193.600487007    -195505.698184794
          2570000000     39714.7015454911    -193992.059626619
          2580000000     39243.4191929337    -192495.873979492
          2590000000     38779.6019278707    -191016.875311536
          2600000000     38323.1018645828    -189554.802699061
          2610000000     37873.7746325029    -188109.400115006
          2620000000     37431.4792788169    -186680.416320223
          2630000000     36996.0781741451    -185267.604757526
          2640000000      36567.436921192    -183870.723448433
          2650000000     36145.4242662634    -182489.534892506
          2660000000     35729.9120135464    -181123.805969236
          2670000000     35320.7749420577    -179773.307842394
          2680000000     34917.8907251658     -178437.81586677
          2690000000     34521.1398525977     -177117.10949725
          2700000000     34130.4055548452     -175810.97220015
          2710000000     33745.5737298851    -174519.191366753
          2720000000     33366.5328721378    -173241.558228989
          2730000000      32993.174003583     -171977.86777719
          2740000000     32625.3906069634    -170727.918679869
          2750000000     32263.0785610017    -169491.513205472
          2760000000     31906.1360775648    -168268.457146035
          2770000000     31554.4636407093    -167058.559742706
          2780000000     31207.9639475441    -165861.633613079
          2790000000     30866.5418508501     -164677.49468028
          2800000000     30530.1043033983     -163505.96210378
          2810000000     30198.5603039095    -162346.858211857
          2820000000     29871.8208446019    -161200.008435695
          2830000000     29549.7988602726     -160065.24124505
          2840000000     29232.4091788653    -158942.388085457
          2850000000      28919.568473473    -157831.283316927
          2860000000     28611.1952157297      -156731.7641541
          2870000000      28307.209630547    -155643.670607814
          2880000000     28007.5336521502    -154566.845428051
          2890000000     27712.0908813738    -153501.134048223
          2900000000     27420.8065441742    -152446.384530766
          2910000000     27133.6074513219       -151402.447514
          2920000000      26850.421959235    -150369.176160237
          2930000000     26571.1799319179    -149346.426105082
          2940000000     26295.8127039698    -148334.055407917
          2950000000     26024.2530446295    -147331.924503526
          2960000000      25756.435122824    -146339.896154829
          2970000000     25492.2944731893    -145357.835406706
          2980000000      25231.767963033    -144385.609540879
          2990000000     24974.7937602091    -143423.088031814
          3000000000     24721.3113018771    -142470.142503638
          3010000000     24471.2612641183    -141526.646688022
          3020000000     24224.5855323823    -140592.476383028
          3030000000      23981.227172738     -139667.50941287
          3040000000     23741.1304039056    -138751.625588592
          3050000000     23504.2405700445    -137844.706669618
          3060000000     23270.5041142753    -136946.636326168
          3070000000      23039.868552913    -136057.300102509
          3080000000     22812.2824503891    -135176.585381019
          3090000000     22587.6953948445    -134304.381347052
          3100000000     22366.0579743696    -133440.578954574
          3110000000     22147.3217538757    -132585.070892563
          3120000000     21931.4392525759    -131737.751552137
          3130000000     21718.3639220598    -130898.516994411
          3140000000     21508.0501249428    -130067.264919048
          3150000000     21300.4531140738    -129243.894633501
          3160000000     21095.5290122853    -128428.307022917
          3170000000     20893.2347926685    -127620.404520696
          3180000000       20693.52825936    -126820.091079682
          3190000000     20496.3680288237    -126027.272143978
          3200000000     20301.7135116145    -125241.854621363
          3210000000     20109.5248946095    -124463.746856297
          3220000000     19919.7631236925    -123692.858603509
          3230000000     19732.3898868808    -122929.101002138
          3240000000     19547.3675978792    -122172.386550426
          3250000000     19364.6593800508     -121422.62908095
          3260000000      19184.229050792    -120679.743736371
          3270000000     19006.0411063005    -119943.646945696
          3280000000     18830.0607067243    -119214.256401034
          3290000000      18656.253661683    -118491.491034844
          3300000000     18484.5864161489    -117775.270997654
          3310000000     18315.0260366781    -117065.517636241
          3320000000     18147.5401979839    -116362.153472267
          3330000000     17982.0971698398    -115665.102181357
          3340000000     17818.6658043055    -114974.288572606
          3350000000     17657.2155232658    -114289.638568506
          3360000000     17497.7163062742    -113611.079185291
          3370000000     17340.1386786926    -112938.538513679
          3380000000     17184.4537001185    -112271.945700003
          3390000000     17030.6329530937    -111611.230927737
          3400000000     16878.6485320843    -110956.325399383
          3410000000     16728.4730327264    -110307.161318737
          3420000000       16580.07954133    -109663.671873503
          3430000000     16433.4416246336    -109025.791218259
          3440000000     16288.5333198034    -108393.454457772
          3450000000     16145.3291246698    -107766.597630633
          3460000000     16003.8039881962    -107145.157693232
          3470000000     15863.9333011717    -106529.072504042
          3480000000     15725.6928871246    -105918.280808223
          3490000000      15589.058993448     -105312.72222252
          3500000000     15454.0082827341     -104712.33722047
          3510000000     15320.5178243103    -104117.067117895
          3520000000     15188.5650859731    -103526.854058676
          3530000000     15058.1279259125    -102941.641000814
          3540000000     14929.1845848251    -102361.371702758
          3550000000     14801.7136782076    -101785.990709994
          3560000000     14675.6941888285     -101215.44334191
          3570000000     14551.1054593722    -100649.675678894
          3580000000     14427.9271852516    -100088.634549703
          3590000000     14306.1394075842    -99532.2675190566
          3600000000     14185.7225063283    -98980.5228754823
          3610000000     14066.6571935748    -98433.3496193864
          3620000000     13948.9245069905    -97890.6974513554
          3630000000     13832.5058034093    -97352.5167606797
          3640000000     13717.3827525678    -96818.7586140963
          3650000000     13603.5373309806    -96289.3747447436
          3660000000     13490.9518159534    -95764.3175413262
          3670000000     13379.6087797287    -95243.5400374836
          3680000000     13269.4910837625    -94726.9959013588
          3690000000     13160.5818731268    -94214.6394253629
          3700000000     13052.8645710369    -93706.4255161307
          3710000000     12946.3228734987    -93202.3096846649
          3720000000     12840.9407440736    -92702.2480366622
          3730000000     12736.7024087585    -92206.1972630207
          3740000000     12633.5923509772    -91714.1146305215
          3750000000     12531.5953066818    -91225.9579726841
          3760000000     12430.6962595597    -90741.6856807891
          3770000000     12330.8804363448     -90261.256695066
          3780000000     12232.1333022303    -89784.6304960433
          3790000000     12134.4405563801    -89311.7670960563
          3800000000     12037.7881275369    -88842.6270309097
          3810000000     11942.1621697239     -88377.171351692
          3820000000     11847.5490580397    -87915.3616167385
          3830000000     11753.9353845411      -87457.15988374
          3840000000     11661.3079542149    -87002.5287019935
          3850000000     11569.6537810345    -86551.4311047931
          3860000000     11478.9600840999    -86103.8306019569
          3870000000     11389.2142838595    -85659.6911724885
          3880000000     11300.4039984107    -85218.9772573695
          3890000000     11212.5170398791    -84781.6537524802
          3900000000     11125.5414108723    -84347.6860016466
          3910000000     11039.4653010088    -83917.0397898108
          3920000000     10954.2770835184    -83489.6813363221
          3930000000     10869.9653119136    -83065.5772883466
          3940000000     10786.5187167299    -82644.6947143929
          3950000000     10703.9262023329    -82227.0010979519
          3960000000     10622.1768437919    -81812.4643312474
          3970000000     10541.2598838173    -81401.0527090965
          3980000000     10461.1647297609    -80992.7349228773
          3990000000     10381.8809506772    -80587.4800546005
          4000000000     10303.3982744454    -80185.2575710854
          4010000000     10225.7065849487    -79786.0373182355
          4020000000     10148.7959193119    -79389.7895154137
          4030000000     10072.6564651945     -78996.484749914
          4040000000     9997.27855813794    -78606.0939715288
          4050000000     9922.65267896712    -78218.5884872087
          4060000000     9848.76945124333    -77833.9399558142
          4070000000     9775.61963876856    -77452.1203829566
          4080000000     9703.19414313946    -77073.1021159274
          4090000000     9631.48400135018    -76696.8578387125
          4100000000     9560.48038344273    -76323.3605670926
          4110000000     9490.17459020399    -75952.5836438254
          4120000000     9420.55805090814     -75584.500733909
          4130000000     9351.62232110376    -75219.0858199252
          4140000000     9283.35908044432    -74856.3131974619
          4150000000     9215.76013056134    -74496.1574706101
          4160000000     9148.81739297913    -74138.5935475383
          4170000000     9082.52290707028    -73783.5966361395
          4180000000     9016.86882805089    -73431.1422397504
          4190000000      8951.8474250149    -73081.2061529427
          4200000000     8887.45107900635    -72733.7644573831
          4210000000     8823.67228112903     -72388.793517762
          4220000000     8760.50363069254    -72046.2699777895
          4230000000       8697.937833394    -71706.1707562567
          4240000000     8635.96769953473    -71368.4730431623
          4250000000     8574.58614227097    -71033.1542959018
          4260000000     8513.78617589811    -70700.1922355199
          4270000000     8453.56091416752    -70369.5648430227
          4280000000     8393.90356863547    -70041.2503557509
          4290000000     8334.80744704327    -69715.2272638116
          4300000000      8276.2659517281    -69391.4743065671
          4310000000     8218.27257806379    -69069.9704691814
          4320000000     8160.82091293103    -68750.6949792214
          4330000000      8103.9046332162    -68433.6273033138
          4340000000     8047.51750433843    -68118.7471438541
          4350000000     7991.65337880412    -67806.0344357699
          4360000000     7936.30619478848    -67495.4693433346
          4370000000     7881.46997474336    -67187.0322570322
          4380000000     7827.13882403103    -66880.7037904726
          4390000000     7773.30692958318    -66576.4647773543
          4400000000     7719.96855858474    -66274.2962684769
          4410000000      7667.1180571819    -65974.1795287995
          4420000000     7614.74984921396    -65676.0960345459
          4430000000     7562.85843496838    -65380.0274703551
          4440000000     7511.43838995864     -65085.955726477
          4450000000      7460.4843637244    -64793.8628960108
          4460000000     7409.99107865358    -64503.7312721883
          4470000000      7359.9533288257    -64215.5433456975
          4480000000     7310.36597887643    -63929.2818020495
          4490000000      7261.2239628824    -63644.9295189851
          4500000000     7212.52228326638     -63362.469563922
          4510000000     7164.25600972205    -63081.8851914415
          4520000000     7116.42027815812    -62803.1598408139
          4530000000     7069.01028966136    -62526.2771335612
          4540000000     7022.02130947825    -62251.2208710587
          4550000000     6975.44866601466    -61977.9750321716
          4560000000     6929.28774985353    -61706.5237709291
          4570000000     6883.53401278982    -61436.8514142328
          4580000000     6838.18296688271    -61168.9424596012
          4590000000     6793.23018352446    -60902.7815729473
          4600000000     6748.67129252575    -60638.3535863901
          4610000000     6704.50198121715       -60375.6434961
          4620000000      6660.7179935663    -60114.6364601755
          4630000000     6617.31512931062    -59855.3177965526
          4640000000     6574.28924310518    -59597.6729809455
          4650000000     6531.63624368544    -59341.6876448179
          4660000000     6489.35209304456    -59087.3475733846
          4670000000     6447.43280562503    -58834.6387036436
          4680000000     6405.87444752425    -58583.5471224366
          4690000000     6364.67313571394    -58334.0590645386
          4700000000     6323.82503727294    -58086.1609107765
          4710000000     6283.32636863332    -57839.8391861744
          4720000000     6243.17339483934    -57595.0805581269
          4730000000     6203.36242881916    -57351.8718345997
          4740000000     6163.88983066908    -57110.1999623557
          4750000000     6124.75200694987    -56870.0520252079
          4760000000      6085.9454099952    -56631.4152422979
          4770000000     6047.46653723177    -56394.2769663985
          4780000000     6009.31193051099    -56158.6246822426
          4790000000     5971.47817545196    -55924.4460048754
          4800000000      5933.9619007956    -55691.7286780305
          4810000000     5896.75977776958    -55460.4605725303
          4820000000     5859.86851946398    -55230.6296847087
          4830000000     5823.28488021746    -55002.2241348569
          4840000000     5787.00565501365    -54775.2321656917
          4850000000     5751.02767888767     -54549.642140846
          4860000000      5715.3478263425    -54325.4425433799
          4870000000     5679.96301077515    -54102.6219743148
          4880000000     5644.87018391224    -53881.1691511867
          4890000000     5610.06633525505    -53661.0729066216
          4900000000     5575.54849153368    -53442.3221869301
          4910000000     5541.31371617024    -53224.9060507225
          4920000000     5507.35910875084    -53008.8136675437
          4930000000     5473.68180450634    -52794.0343165264
          4940000000     5440.27897380156    -52580.5573850647
          4950000000     5407.14782163284    -52368.3723675056
          4960000000     5374.28558713381    -52157.4688638588
          4970000000      5341.6895430893    -51947.8365785246
          4980000000       5309.356995457    -51739.4653190406
          4990000000     5277.28528289704    -51532.3449948444
          5000000000     5245.47177630908    -51326.4656160545
          5010000000     5213.91387837693    -51121.8172922682
          5020000000     5182.60902312055    -50918.3902313756
          5030000000     5151.55467545517    -50716.1747383908
          5040000000     5120.74833075759    -50515.1612142987
          5050000000     5090.18751443935    -50315.3401549177
          5060000000     5059.86978152682    -50116.7021497788
          5070000000     5029.79271624791    -49919.2378810192
          5080000000     4999.95393162544    -49722.9381222917
          5090000000     4970.35106907691    -49527.7937376886
          5100000000     4940.98179802065    -49333.7956806811
          5110000000     4911.84381548826     -49140.934993072
          5120000000      4882.9348457431    -48949.2028039641
          5130000000     4854.25263990482    -48758.5903287409
          5140000000     4825.79497557986     -48569.088868063
          5150000000     4797.55965649767    -48380.6898068764
          5160000000     4769.54451215267    -48193.3846134358
          5170000000     4741.74739745189    -48007.1648383394
          5180000000     4714.16619236795    -47822.0221135784
          5190000000     4686.79880159763    -47637.9481515978
          5200000000     4659.64315422563    -47454.9347443707
          5210000000     4632.69720339359     -47272.973762485
          5220000000     4605.95892597427    -47092.0571542415
          5230000000     4579.42632225071    -46912.1769447651
          5240000000     4553.09741560041    -46733.3252351272
          5250000000     4526.97025218432    -46555.4942014795
          5260000000     4501.04290064064    -46378.6760942003
          5270000000     4475.31345178332     -46202.863237051
          5280000000      4449.7800183052    -46028.0480263445
          5290000000     4424.44073448561    -45854.2229301242
          5300000000     4399.29375590254     -45681.380487354
          5310000000     4374.33725914913    -45509.5133071186
          5320000000     4349.56944155445    -45338.6140678348
          5330000000     4324.98852090859     -45168.675516473
          5340000000     4300.59273519185    -44999.6904677883
          5350000000     4276.38034230805    -44831.6518035625
          5360000000     4252.34961982186    -44664.5524718553
          5370000000     4228.49886470007    -44498.3854862657
          5380000000     4204.82639305678    -44333.1439252025
          5390000000      4181.3305399024    -44168.8209311648
          5400000000     4158.00965889638    -44005.4097100312
          5410000000     4134.86212210366    -43842.9035303587
          5420000000     4111.88631975478    -43681.2957226905
          5430000000     4089.08066000949    -43520.5796788723
          5440000000     4066.44356872396    -43360.7488513779
          5450000000     4043.97348922136    -43201.7967526432
          5460000000     4021.66888206588    -43043.7169544087
          5470000000     3999.52822484011    -42886.5030870704
          5480000000     3977.55001192564     -42730.148839039
          5490000000     3955.73275428695    -42574.6479561073
          5500000000     3934.07497925846    -42419.9942408255
          5510000000     3912.57523033465    -42266.1815518847
          5520000000     3891.23206696337    -42113.2038035075
          5530000000     3870.04406434202    -41961.0549648474
          5540000000     3849.00981321685    -41809.7290593945
          5550000000     3828.12791968507    -41659.2201643899
          5560000000     3807.39700499989    -41509.5224102465
          5570000000     3786.81570537839    -41360.6299799776
          5580000000     3766.38267181215    -41212.5371086325
          5590000000     3746.09656988061    -41065.2380827389
          5600000000     3725.95607956717    -40918.7272397527
          5610000000     3705.95989507789    -40772.9989675145
          5620000000     3686.10672466281    -40628.0477037126
          5630000000     3666.39529043986    -40483.8679353528
          5640000000     3646.82432822122     -40340.454198235
          5650000000     3627.39258734228    -40197.8010764362
          5660000000      3608.0988304929    -40055.9032017992
          5670000000     3588.94183355121    -39914.7552534287
          5680000000     3569.92038541967    -39774.3519571928
          5690000000     3551.03328786351    -39634.6880852309
          5700000000     3532.27935535142    -39495.7584554676
          5710000000     3513.65741489858    -39357.5579311326
          5720000000     3495.16630591178    -39220.0814202861
          5730000000     3476.80488003681     -39083.323875351
          5740000000     3458.57200100799    -38947.2802926489
          5750000000     3440.46654449979    -38811.9457119443
          5760000000     3422.48739798051    -38677.3152159916
          5770000000     3404.63346056807    -38543.3839300901
          5780000000     3386.90364288776    -38410.1470216421
          5790000000     3369.29686693201    -38277.5996997184
          5800000000     3351.81206592208    -38145.7372146273
          5810000000     3334.44818417168    -38014.5548574902
          5820000000      3317.2041769525    -37884.0479598208
          5830000000      3300.0790103616    -37754.2118931111
          5840000000      3283.0716611906    -37625.0420684207
          5850000000     3266.18111679673    -37496.5339359721
          5860000000     3249.40637497558    -37368.6829847502
          5870000000     3232.74644383568    -37241.4847421071
          5880000000     3216.20034167476    -37114.9347733711
          5890000000     3199.76709685771    -36989.0286814606
          5900000000     3183.44574769619    -36863.7621065025
          5910000000     3167.23534232993    -36739.1307254551
          5920000000     3151.13493860963    -36615.1302517356
          5930000000     3135.14360398142    -36491.7564348516
          5940000000     3119.26041537292    -36369.0050600376
          5950000000     3103.48445908088     -36246.871947895
          5960000000     3087.81483066024    -36125.3529540367
          5970000000      3072.2506348148     -36004.443968736
          5980000000     3056.79098528931    -35884.1409165794
          5990000000     3041.43500476302    -35764.4397561236
          6000000000     3026.18182474464     -35645.336479556
          6010000000     3011.03058546875    -35526.8271123599
          6020000000      2995.9804357936    -35408.9077129831
          6030000000     2981.03053310024    -35291.5743725103
          6040000000     2966.18004319299    -35174.8232143397
          6050000000     2951.42814020131     -35058.650393863
          6060000000     2936.77400648291    -34943.0520981491
          6070000000     2922.21683252815    -34828.0245456312
          6080000000     2907.75581686576    -34713.5639857986
          6090000000     2893.39016596974    -34599.6666988904
          6100000000     2879.11909416754     -34486.328995594
          6110000000     2864.94182354945    -34373.5472167464
          6120000000     2850.85758387913    -34261.3177330394
          6130000000     2836.86561250541    -34149.6369447274
          6140000000     2822.96515427517    -34038.5012813393
          6150000000      2809.1554614474    -33927.9072013932
          6160000000     2795.43579360833    -33817.8511921148
          6170000000      2781.8054175878     -33708.329769158
          6180000000     2768.26360737655    -33599.3394763303
          6190000000     2754.80964404473    -33490.8768853194
          6200000000      2741.4428156614    -33382.9385954245
          6210000000     2728.16241721504    -33275.5212332895
          6220000000     2714.96775053523    -33168.6214526399
          6230000000     2701.85812421515    -33062.2359340224
          6240000000     2688.83285353528     -32956.361384547
          6250000000     2675.89126038791    -32850.9945376331
          6260000000     2663.03267320274    -32746.1321527571
          6270000000     2650.25642687339    -32641.7710152035
          6280000000     2637.56186268486    -32537.9079358193
          6290000000     2624.94832824191    -32434.5397507696
          6300000000      2612.4151773984    -32331.6633212976
          6310000000     2599.96177018744    -32229.2755334862
          6320000000     2587.58747275254    -32127.3732980226
          6330000000     2575.29165727958    -32025.9535499653
          6340000000     2563.07370192962    -31925.0132485139
          6350000000     2550.93299077265    -31824.5493767814
          6360000000     2538.86891372205    -31724.5589415688
          6370000000     2526.88086647004    -31625.0389731426
          6380000000     2514.96825042379    -31525.9865250139
          6390000000     2503.13047264242     -31427.398673721
          6400000000     2491.36694577482    -31329.2725186136
          6410000000     2479.67708799816    -31231.6051816396
          6420000000     2468.06032295723    -31134.3938071341
          6430000000     2456.51607970456     -31037.635561611
          6440000000     2445.04379264124    -30941.3276335567
          6450000000     2433.64290145852    -30845.4672332258
          6460000000     2422.31285108008    -30750.0515924392
          6470000000      2411.0530916051    -30655.0779643846
          6480000000     2399.86307825199    -30560.5436234187
          6490000000      2388.7422713028    -30466.4458648719
          6500000000     2377.69013604836    -30372.7820048552
          6510000000     2366.70614273411    -30279.5493800683
          6520000000     2355.78976650651    -30186.7453476111
          6530000000     2344.94048736026     -30094.367284796
          6540000000     2334.15779008598    -30002.4125889631
          6550000000     2323.44116421875    -29910.8786772968
          6560000000     2312.79010398707    -29819.7629866445
          6570000000     2302.20410826261    -29729.0629733373
          6580000000     2291.68268051049    -29638.7761130129
          6590000000     2281.22532874019    -29548.8999004394
          6600000000     2270.83156545706    -29459.4318493423
          6610000000     2260.50090761442    -29370.3694922323
          6620000000     2250.23287656621    -29281.7103802352
          6630000000     2240.02699802032    -29193.4520829241
          6640000000     2229.88280199234    -29105.5921881522
          6650000000     2219.79982275998     -29018.128301889
          6660000000     2209.77759881801    -28931.0580480563
          6670000000     2199.81567283371     -28844.379068368
          6680000000     2189.91359160291    -28758.0890221696
          6690000000     2180.07090600654    -28672.1855862805
          6700000000     2170.28717096766    -28586.6664548384
          6710000000     2160.56194540909    -28501.5293391434
          6720000000     2150.89479221149    -28416.7719675062
          6730000000     2141.28527817192    -28332.3920850959
          6740000000     2131.73297396296    -28248.3874537902
          6750000000      2122.2374540923    -28164.7558520274
          6760000000     2112.79829686274    -28081.4950746593
          6770000000     2103.41508433278    -27998.6029328059
          6780000000     2094.08740227761     -27916.077253712
          6790000000     2084.81484015053    -27833.9158806043
          6800000000     2075.59699104493     -27752.116672551
          6810000000     2066.43345165664    -27670.6775043225
          6820000000     2057.32382224672    -27589.5962662529
          6830000000     2048.26770660474    -27508.8708641039
          6840000000     2039.26471201246    -27428.4992189295
          6850000000     2030.31444920793    -27348.4792669423
          6860000000     2021.41653235006    -27268.8089593809
          6870000000     2012.57057898352     -27189.486262379
          6880000000     2003.77621000414    -27110.5091568354
          6890000000     1995.03304962463    -27031.8756382862
          6900000000     1986.34072534082    -26953.5837167768
          6910000000     1977.69886789812    -26875.6314167368
          6920000000     1969.10711125854     -26798.016776855
          6930000000     1960.56509256802    -26720.7378499565
          6940000000     1952.07245212407      -26643.79270288
          6950000000     1943.62883334395    -26567.1794163577
          6960000000     1935.23388273304     -26490.896084895
          6970000000     1926.88724985372    -26414.9408166528
          6980000000     1918.58858729449    -26339.3117333294
          6990000000     1910.33755063957    -26264.0069700452
          7000000000     1902.13379843872    -26189.0246752274
          7010000000      1893.9769921775    -26114.3630104963
          7020000000     1885.86679624782    -26040.0201505526
          7030000000     1877.80287791889    -25965.9942830663
          7040000000     1869.78490730839    -25892.2836085656
          7050000000     1861.81255735411    -25818.8863403282
          7060000000     1853.88550378579    -25745.8007042727
          7070000000     1846.00342509735    -25673.0249388518
          7080000000     1838.16600251943    -25600.5572949459
          7090000000     1830.37291999219    -25528.3960357581
          7100000000     1822.62386413852    -25456.5394367102
          7110000000     1814.91852423743    -25384.9857853398
          7120000000     1807.25659219782    -25313.7333811984
          7130000000     1799.63776253256    -25242.7805357501
          7140000000     1792.06173233279    -25172.1255722717
          7150000000     1784.52820124255    -25101.7668257539
          7160000000     1777.03687143373    -25031.7026428033
          7170000000     1769.58744758122    -24961.9313815447
          7180000000     1762.17963683842    -24892.4514115257
          7190000000     1754.81314881298     -24823.261113621
          7200000000     1747.48769554279    -24754.3588799384
          7210000000     1740.20299147231    -24685.7431137253
          7220000000     1732.95875342909     -24617.412229276
          7230000000     1725.75470060058    -24549.3646518406
          7240000000     1718.59055451125    -24481.5988175339
          7250000000     1711.46603899983     -24414.113173246
          7260000000     1704.38088019696    -24346.9061765527
          7270000000     1697.33480650297    -24279.9762956282
          7280000000     1690.32754856598    -24213.3220091571
          7290000000     1683.35883926017    -24146.9418062485
          7300000000     1676.42841366437    -24080.8341863504
          7310000000     1669.53600904082    -24014.9976591644
          7320000000     1662.68136481421    -23949.4307445624
          7330000000      1655.8642225509    -23884.1319725031
          7340000000     1649.08432593843    -23819.0998829496
          7350000000     1642.34142076519     -23754.333025788
          7360000000     1635.63525490037    -23689.8299607466
          7370000000     1628.96557827407    -23625.5892573155
          7380000000      1622.3321428577    -23561.6094946678
          7390000000     1615.73470264452    -23497.8892615809
          7400000000     1609.17301363044    -23434.4271563583
          7410000000     1602.64683379499    -23371.2217867533
          7420000000     1596.15592308256    -23308.2717698921
          7430000000     1589.70004338376    -23245.5757321984
          7440000000     1583.27895851704    -23183.1323093184
          7450000000     1576.89243421049    -23120.9401460467
          7460000000     1570.54023808384    -23058.9978962528
          7470000000     1564.22213963066    -22997.3042228081
          7480000000     1557.93791020071    -22935.8577975141
          7490000000     1551.68732298256    -22874.6573010306
          7500000000      1545.4701529863    -22813.7014228052
          7510000000     1539.28617702653    -22752.9888610028
          7520000000     1533.13517370544    -22692.5183224365
          7530000000     1527.01692339616    -22632.2885224986
          7540000000     1520.93120822621    -22572.2981850922
          7550000000     1514.87781206118    -22512.5460425641
          7560000000     1508.85652048856    -22453.0308356374
          7570000000     1502.86712080174    -22393.7513133454
          7580000000     1496.90940198419    -22334.7062329659
          7590000000     1490.98315469381    -22275.8943599558
          7600000000     1485.08817124742    -22217.3144678872
          7610000000     1479.22424560544    -22158.9653383828
          7620000000     1473.39117335675     -22100.845761053
          7630000000     1467.58875170364     -22042.954533433
          7640000000       1461.816779447    -21985.2904609206
          7650000000     1456.07505697159    -21927.8523567149
          7660000000     1450.36338623155    -21870.6390417546
          7670000000     1444.68157073597    -21813.6493446583
          7680000000     1439.02941553469    -21756.8821016638
          7690000000     1433.40672720417    -21700.3361565695
          7700000000     1427.81331383362    -21644.0103606747
          7710000000     1422.24898501113    -21587.9035727219
          7720000000     1416.71355181007     -21532.014658839
          7730000000     1411.20682677557    -21476.3424924816
          7740000000     1405.72862391115    -21420.8859543766
          7750000000     1400.27875866548    -21365.6439324657
          7760000000     1394.85704791932    -21310.6153218501
          7770000000     1389.46330997252    -21255.7990247347
          7780000000     1384.09736453125     -21201.193950374
          7790000000     1378.75903269524    -21146.7990150172
          7800000000      1373.4481369453     -21092.613141855
          7810000000     1368.16450113084    -21038.6352609658
          7820000000     1362.90795045756    -20984.8643092635
          7830000000     1357.67831147531    -20931.2992304446
          7840000000     1352.47541206602    -20877.9389749369
          7850000000     1347.29908143177    -20824.7824998474
          7860000000     1342.14915008299    -20771.8287689121
          7870000000     1337.02544982677    -20719.0767524449
          7880000000     1331.92781375531    -20666.5254272882
          7890000000     1326.85607623443    -20614.1737767624
          7900000000     1321.81007289229    -20562.0207906177
          7910000000     1316.78964060814    -20510.0654649848
          7920000000     1311.79461750124    -20458.3068023268
          7930000000     1306.82484291984    -20406.7438113911
          7940000000     1301.88015743032    -20355.3755071624
          7950000000     1296.96040280644    -20304.2009108151
          7960000000     1292.06542201863    -20253.2190496674
          7970000000     1287.19505922349    -20202.4289571343
          7980000000      1282.3491597533    -20151.8296726824
          7990000000     1277.52757010572    -20101.4202417842
          8000000000      1272.7301379335    -20051.1997158732
          8010000000     1267.95671203441    -20001.1671522993
          8020000000     1263.20714234116    -19951.3216142845
          8030000000     1258.48127991146    -19901.6621708791
          8040000000     1253.77897691824    -19852.1878969182
          8050000000     1249.10008663986    -19802.8978729788
          8060000000      1244.4444634505    -19753.7911853369
          8070000000     1239.81196281061    -19704.8669259253
          8080000000     1235.20244125746    -19656.1241922914
          8090000000     1230.61575639579    -19607.5620875559
          8100000000     1226.05176688855    -19559.1797203714
          8110000000     1221.51033244773    -19510.9762048814
          8120000000     1216.99131382529    -19462.9506606801
          8130000000     1212.49457280415    -19415.1022127718
          8140000000     1208.01997218931    -19367.4299915313
          8150000000     1203.56737579903    -19319.9331326644
          8160000000      1199.1366484561    -19272.6107771686
          8170000000     1194.72765597922    -19225.4620712945
          8180000000     1190.34026517443     -19178.486166507
          8190000000     1185.97434382662    -19131.6822194473
          8200000000     1181.62976069118    -19085.0493918951
          8210000000      1177.3063854857     -19038.586850731
          8220000000     1173.00408888167    -18992.2937678994
          8230000000     1168.72274249644    -18946.1693203714
          8240000000     1164.46221888508    -18900.2126901084
          8250000000     1160.22239153243     -18854.423064026
          8260000000     1156.00313484516    -18808.7996339576
          8270000000     1151.80432414398    -18763.3415966191
          8280000000     1147.62583565585    -18718.0481535733
          8290000000     1143.46754650632    -18672.9185111954
          8300000000     1139.32933471192    -18627.9518806373
          8310000000      1135.2110791726    -18583.1474777942
          8320000000     1131.11265966433    -18538.5045232695
          8330000000     1127.03395683164    -18494.0222423415
          8340000000     1122.97485218036    -18449.6998649296
          8350000000     1118.93522807036    -18405.5366255609
          8360000000     1114.91496770833    -18361.5317633374
          8370000000     1110.91395514074     -18317.684521903
          8380000000     1106.93207524677     -18273.994149411
          8390000000     1102.96921373132    -18230.4598984922
          8400000000     1099.02525711811    -18187.0810262224
          8410000000     1095.10009274288    -18143.8567940913
          8420000000     1091.19360874657    -18100.7864679707
          8430000000     1087.30569406863    -18057.8693180833
          8440000000     1083.43623844036    -18015.1046189721
          8450000000     1079.58513237835    -17972.4916494695
          8460000000     1075.75226717794     -17930.029692667
          8470000000     1071.93753490677    -17887.7180358851
          8480000000     1068.14082839839    -17845.5559706432
          8490000000     1064.36204124589    -17803.5427926302
          8500000000     1060.60106779568    -17761.6778016748
          8510000000     1056.85780314122    -17719.9603017167
          8520000000     1053.13214311687    -17678.3896007775
          8530000000     1049.42398429183    -17636.9650109318
          8540000000     1045.73322396404    -17595.6858482792
          8550000000     1042.05976015423    -17554.5514329155
          8560000000     1038.40349159997    -17513.5610889053
          8570000000     1034.76431774982    -17472.7141442538
          8580000000     1031.14213875748    -17432.0099308796
          8590000000     1027.53685547603    -17391.4477845872
          8600000000     1023.94836945225    -17351.0270450396
          8610000000      1020.3765829209    -17310.7470557322
          8620000000     1016.82139879919    -17270.6071639655
          8630000000     1013.28272068116    -17230.6067208188
          8640000000     1009.76045283221    -17190.7450811243
          8650000000     1006.25450018366    -17151.0216034405
          8660000000     1002.76476832731    -17111.4356500271
          8670000000     999.291163510123    -17071.9865868188
          8680000000      995.83359262892    -17032.6737834002
          8690000000     992.391963225113    -16993.4966129806
          8700000000     988.966183479516    -16954.4544523692
          8710000000     985.556162207179    -16915.5466819498
          8720000000      982.16180885229    -16876.7726856568
          8730000000     978.783033483104    -16838.1318509504
          8740000000     975.419746786939    -16799.6235687927
          8750000000     972.071860065196    -16761.2472336235
          8760000000     968.739285228446    -16723.0022433367
          8770000000     965.421934791546    -16684.8879992563
          8780000000      962.11972186881    -16646.9039061137
          8790000000     958.832560169212    -16609.0493720235
          8800000000     955.560363991653    -16571.3238084612
          8810000000     952.303048220247    -16533.7266302403
          8820000000     949.060528319668     -16496.257255489
          8830000000     945.832720330534    -16458.9151056282
          8840000000     942.619540864824    -16421.6996053493
          8850000000     939.420907101354    -16384.6101825915
          8860000000      936.23673678128    -16347.6462685203
          8870000000     933.066948203645    -16310.8072975053
          8880000000     929.911460220971    -16274.0927070991
          8890000000     926.770192234882    -16237.5019380153
          8900000000      923.64306419178    -16201.0344341074
          8910000000     920.529996578543    -16164.6896423478
          8920000000     917.430910418274    -16128.4670128066
          8930000000     914.345727266087    -16092.3659986311
          8940000000     911.274369204926    -16056.3860560249
          8950000000     908.216758841423    -16020.5266442274
          8960000000     905.172819301797    -15984.7872254939
          8970000000     902.142474227784    -15949.1672650748
          8980000000      899.12564777261    -15913.6662311963
          8990000000      896.12226459699    -15878.2835950398
          9000000000     893.132249865175     -15843.018830723
          9010000000     890.155529241025    -15807.8714152797
          9020000000     887.192028884122    -15772.8408286409
          9030000000     884.241675445914    -15737.9265536152
          9040000000     881.304396065894    -15703.1280758699
          9050000000     878.380118367815    -15668.4448839121
          9060000000     875.468770455939    -15633.8764690698
          9070000000     872.570280911313    -15599.4223254732
          9080000000     869.684578788088    -15565.0819500365
          9090000000     866.811593609861    -15530.8548424391
          9100000000     863.951255366053    -15496.7405051077
          9110000000     861.103494508322    -15462.7384431982
          9120000000     858.268241947001    -15428.8481645775
          9130000000     855.445429047576    -15395.0691798061
          9140000000     852.634987627184      -15361.40100212
          9150000000     849.836849951152    -15327.8431474135
          9160000000      847.05094872956    -15294.3951342216
          9170000000     844.277217113837    -15261.0564837029
          9180000000     841.515588693385    -15227.8267196224
          9190000000     838.765997492235    -15194.7053683342
          9200000000     836.028377965727    -15161.6919587652
          9210000000     833.302664997225    -15128.7860223979
          9220000000     830.588793894861    -15095.9870932541
          9230000000     827.886700388296    -15063.2947078779
          9240000000     825.196320625526      -15030.70840532
          9250000000     822.517591169703    -14998.2277271209
          9260000000     819.850448995987    -14965.8522172951
          9270000000      817.19483148843    -14933.5814223149
          9280000000     814.550676436878    -14901.4148910948
          9290000000     811.917922033907    -14869.3521749754
          9300000000     809.296506871786    -14837.3928277078
          9310000000     806.686369939458    -14805.5364054386
          9320000000     804.087450619556    -14773.7824666935
          9330000000      801.49968868544    -14742.1305723631
          9340000000     798.923024298261    -14710.5802856869
          9350000000     796.357398004047    -14679.1311722386
          9360000000     793.802750730821    -14647.7827999112
          9370000000     791.259023785736    -14616.5347389019
          9380000000     788.726158852241    -14585.3865616977
          9390000000     786.204097987263    -14554.3378430603
          9400000000     783.692783618424    -14523.3881600122
          9410000000     781.192158541271    -14492.5370918218
          9420000000     778.702165916538    -14461.7842199893
          9430000000     776.222749267427    -14431.1291282327
          9440000000      773.75385247691    -14400.5714024731
          9450000000     771.295419785062    -14370.1106308215
          9460000000     768.847395786406    -14339.7464035643
          9470000000      766.40972542729    -14309.4783131501
          9480000000      763.98235400328    -14279.3059541753
          9490000000      761.56522715658    -14249.2289233712
          9500000000     759.158290873465    -14219.2468195902
          9510000000     756.761491481748    -14189.3592437924
          9520000000     754.374775648259    -14159.5657990326
          9530000000      751.99809037635    -14129.8660904466
          9540000000     749.631383003415    -14100.2597252387
          9550000000      747.27460119844    -14070.7463126685
          9560000000     744.927692959567    -14041.3254640378
          9570000000     742.590606611677    -14011.9967926781
          9580000000     740.263290804003    -13982.7599139376
          9590000000     737.945694507748     -13953.614445169
          9600000000     735.637767013739    -13924.5600057165
          9610000000     733.339457930085    -13895.5962169039
          9620000000     731.050717179871    -13866.7227020217
          9630000000     728.771494998855    -13837.9390863153
          9640000000     726.501741933195    -13809.2449969726
          9650000000     724.241408837192    -13780.6400631119
          9660000000      721.99044687105    -13752.1239157704
          9670000000     719.748807498656    -13723.6961878914
          9680000000      717.51644248538    -13695.3565143135
          9690000000     715.293303895888    -13667.1045317579
          9700000000     713.079344091983    -13638.9398788177
          9710000000     710.874515730449    -13610.8621959457
          9720000000     708.678771760928    -13582.8711254431
          9730000000     706.492065423805     -13554.966311448
          9740000000     704.314350248114    -13527.1473999245
          9750000000      702.14558004946    -13499.4140386511
          9760000000     699.985708927957    -13471.7658772094
          9770000000     697.834691266188    -13444.2025669735
          9780000000     695.692481727176    -13416.7237610989
          9790000000     693.559035252372    -13389.3291145112
          9800000000     691.434307059666    -13362.0182838957
          9810000000     689.318252641407    -13334.7909276864
          9820000000     687.210827762437    -13307.6467060555
          9830000000     685.111988458156    -13280.5852809027
          9840000000     683.021691032584    -13253.6063158445
          9850000000      680.93989205645    -13226.7094762043
          9860000000     678.866548365295    -13199.8944290012
          9870000000     676.801617057589    -13173.1608429405
          9880000000     674.745055492862     -13146.508388403
          9890000000     672.696821289853    -13119.9367374348
          9900000000     670.656872324672    -13093.4455637377
          9910000000     668.625166728981    -13067.0345426585
          9920000000     666.601662888178    -13040.7033511795
          9930000000     664.586319439616    -13014.4516679088
          9940000000     662.579095270812    -12988.2791730699
          9950000000     660.579949517694    -12962.1855484924
          9960000000     658.588841562841    -12936.1704776023
          9970000000     656.605731033757    -12910.2336454121
          9980000000     654.630577801138    -12884.3747385117
          9990000000     652.663341977175    -12858.5934450586
         10000000000     650.703983913851    -12832.8894547687
    12589254117.9417     325.817459081785    -8097.03784230243
    15848931924.6111     163.198445979397    -5108.89352123084
    19952623149.6887     81.7622702758892    -3223.49590396114
    25118864315.0958     40.9684955108534    -2033.88892130771
    31622776601.6838     20.5298161858322    -1283.29727977018
    39810717055.3497     10.2883107259882     -809.70587572103
    50118723362.7271     5.15606291685721    -510.889877166573
    63095734448.0192     2.58405580419043    -322.349722231112
    79432823472.4282     1.29506507257946    -203.388925238307
        100000000000    0.649060370541492       -128.329736292
    125892541179.417    0.325297700822639    -80.9705896605332
    158489319246.111    0.163034083725417    -51.0889882412157
    199526231496.888   0.0817102943346832    -32.2349723548691
    251188643150.958   0.0409520592709507    -20.3388925569261
    316227766016.838   0.0205246185898865     -12.832973637513
    398107170553.497   0.0102866671017682    -8.09705896814144
    501187233627.271  0.00515554315723372    -5.10889882464608
    630957344480.194  0.00258389144176476    -3.22349723561866
    794328234724.282  0.00129501309661665     -2.0338892557257
       1000000000000  0.00064904393429887    -1.28329736375961
    1258925411794.17 0.000325292503226351   -0.809705896816232
    1584893192461.11 0.000163032440101154   -0.510889882465132
    1995262314968.88 8.17097745750544e-05   -0.322349723561998
    2511886431509.58 4.09518949085244e-05   -0.203388925572603
    3162277660168.38 2.05245666139236e-05    -0.12832973637597
    3981071705534.97 1.02866506655255e-05  -0.0809705896816253
    5011872336272.71 5.15553795963743e-06  -0.0510889882465137
    6309573444801.94  2.5838897981405e-06  -0.0322349723561999
    7943282347242.82 1.29501257685702e-06  -0.0203388925572604
      10000000000000 6.49043769936444e-07   -0.012832973637597
     100000000000000  6.4904376829282e-10 -0.00012832973637597
               1e+15 6.49043768276383e-13 -1.2832973637597e-06
